%eval_id height_to_update dia1_to_update         obj_fn nln_ineq_con_1 
1                  0.02           0.12    301.5928947    226.1946711 
2         0.03024042928   0.1231785392    355.3596245    360.3694211 
3         0.02975430499   0.1230276505    352.7538451    353.7082195 
4         0.02977564322   0.1230342737     352.868113    353.9999927 
5         0.05073907672  0.09668586509    300.9592286    372.5275674 
6         0.03203859565   0.1201900261    347.8855453    363.4964817 
7         0.03021822315   0.1224780062     351.905461    356.0205126 
8         0.04025864633   0.1098600694     328.530013     381.617944 
9         0.03053479014   0.1220802382    351.2139339    357.4172894 
10         0.0302139436   0.1224834526    351.9151209     356.001752 
11        0.02979192806   0.1230138198    352.8328616    354.0758453 
12        0.02985706743   0.1229320044    352.6917788    354.3781658 
13        0.03018276431   0.1225229274    351.9844967    355.8636454 
14        0.03013794641   0.1224670465    351.5440302    355.0111768 
15        0.03008478455   0.1224007619    351.0218907    354.0014406 
16        0.03008470864   0.1224006673    351.0211456    354.0000001 
17        0.03051621858   0.1218624912    350.0995817    355.9268101 
18        0.03053260948   0.1218420486    350.0644678    355.9985173 
19        0.03053294865   0.1218416256    350.0637412    356.0000001 
20         0.0304088142   0.1217411254    349.1080407    353.9679908 
21        0.03041076963   0.1217427085    349.1230867    353.9999591 
22        0.03041077213   0.1217427106    349.1231063    354.0000004 
23        0.03086795658   0.1211793908    348.1758824    356.0043395 
24        0.03086696678   0.1211806104      348.17794    356.0000897 
25        0.03086694588   0.1211806362    348.1779836    356.0000003 
26        0.03073380982   0.1210901745    347.2395315    353.9354724 
27        0.03073797152    0.121093001    347.2688453    353.9999248 
28        0.03073797637   0.1210930043    347.2688795            354 
29        0.03119767237   0.1205329957     346.343325    355.9786694 
30        0.03120262788   0.1205269589    346.3333135    355.9995513 
31        0.03120273439   0.1205268292    346.3330985    356.0000003 
32        0.03108357935   0.1204287765    345.4150503    354.0637402 
33        0.03107965686   0.1204255487    345.3848466    354.0000833 
34        0.03107965173   0.1204255445    345.3848072    354.0000002 
35        0.03154662151   0.1198574835    344.4444335    355.9369272 
36        0.03156182761   0.1198389855    344.4137019    355.9985855 
37         0.0315621767   0.1198385609    344.4129966    356.0000004 
38        0.03143825086   0.1197356887    343.4577017    353.9936645 
39        0.03143864218   0.1197360135    343.4607162    353.9999913 
40        0.03143864271    0.119736014    343.4607206    354.0000003 
41        0.03192695219   0.1191477676    342.5002117    355.9747245 
42        0.03193320229   0.1191402384    342.4878714     355.999414 
43        0.03193335068   0.1191400596    342.4875782    355.9999998 
44        0.03180926567   0.1190359667    341.5296805     353.997285 
45        0.03180943389   0.1190361078    341.5309783    353.9999963 
46        0.03180943411    0.119036108      341.53098    353.9999999 
47        0.03230941877   0.1184390474    340.5675169    355.9662621 
48         0.0323179977   0.1184288028    340.5509195    355.9991861 
49        0.03231820987   0.1184285494    340.5505088    355.9999998 
50         0.0321934868   0.1183229321    339.5868728    353.9938722 
51        0.03219386777   0.1183232547    339.5898144    353.9999916 
52        0.03219386829   0.1183232551    339.5898182    353.9999997 
53        0.03270907879   0.1177141001    338.6204741    355.9714504 
54        0.03271653981   0.1177052787    338.6063777    355.9992857 
55        0.03271673134   0.1177050522    338.6060155    355.9999997 
56         0.0325916823   0.1175980883    337.6387346    353.9950451 
57        0.03259199134   0.1175983526    337.6411234     353.999993 
58        0.03259199178    0.117598353    337.6411269    354.0000001 
59        0.03312139928   0.1169784607     336.667848    355.9675111 
60         0.0331301412   0.1169682246    336.6517047    355.9991526 
61        0.03313037541   0.1169679504    336.6512723    356.0000002 
62        0.03300474725   0.1168595211    335.6789486    353.9928556 
63        0.03300519442    0.116859907    335.6824072    353.9999897 
64        0.03300519506   0.1168599076    335.6824124    354.0000002 
65        0.03355103139   0.1162274204    334.7039134    355.9696362 
66        0.03355944595   0.1162176701    334.6887578     355.999176 
67        0.03355968077    0.116217398    334.6883348            356 
68        0.03343374697   0.1161074862     333.711988    353.9935733 
69        0.03343415034   0.1161078382     333.715113    353.9999906 
70        0.03343415093   0.1161078387    333.7151175    353.9999999 
71        0.03399642383   0.1154630723    332.7321122    355.9666691 
72        0.03400595314    0.115452145     332.715369    355.9990554 
73        0.03400623121   0.1154518261    332.7148803    355.9999998 
74        0.03387985026   0.1153402756    331.7333615    353.9919069 
75         0.0338803596   0.1153407252    331.7373148    353.9999885 
76        0.03388036032   0.1153407259    331.7373207    354.0000004 
77        0.03446116016    0.114682041     330.748805    355.9677082 
78        0.03447069154   0.1146712315     330.732496    355.9990432 
79        0.03447098272   0.1146709013    330.7319979    356.0000001 
80        0.03434417447     0.11455779    329.7458485    353.9909969 
81        0.03434474274   0.1145582968    329.7502645    353.9999863 
82         0.0343447436   0.1145582976    329.7502713    354.0000001 
83        0.03494497626   0.1138853365    328.7568426    355.9674191 
84        0.03495491618   0.1138741922    328.7402975    355.9989892 
85        0.03495523462   0.1138738352    328.7397675    356.0000002 
86        0.03482808138   0.1137590863    327.7490278    353.9905124 
87        0.03482868172   0.1137596281    327.7537025    353.9999862 
88        0.03482868259   0.1137596288    327.7537088    353.9999994 
89        0.03544946191   0.1130717379    326.7552053    355.9652991 
90        0.03546042282    0.113059592    326.7374675    355.9988695 
91        0.03546079217   0.1130591827    326.7368696    355.9999999 
92        0.03533328612   0.1129426397    325.7408891    353.9890102 
93        0.03533398293   0.1129432766    325.7463284    353.9999837 
94        0.03533398396   0.1129432776    325.7463367    354.0000003 
95        0.03597764905   0.1122387897    324.7420577     355.966077 
96        0.03598875489   0.1122266345     324.724617    355.9988389 
97        0.03598914873   0.1122262034    324.7239982    355.9999997 
98        0.03586136469     0.11210786    323.7231213    353.9882273 
99        0.03586211247   0.1121085526    323.7289746    353.9999826 
100       0.03586211357   0.1121085536    323.7289831    353.9999998 
101       0.03652991395   0.1113868978    322.7192977    355.9645489 
102        0.0365419646   0.1113738753    322.7009497    355.9987202 
103       0.03654241625   0.1113733872    322.7002619    355.9999998 
104        0.0364142778   0.1112531828    321.6940501    353.9863138 
105        0.0364151487   0.1112539998    321.7008842    353.9999791 
106       0.03641515003    0.111254001    321.7008944    353.9999997 
107       0.03710972419   0.1105134298    320.6853581     355.965348 
108       0.03712197046   0.1105003726    320.6673177    355.9986795 
109       0.03712245597   0.1104998549    320.6666022    355.9999997 
110       0.03699410963    0.110377756     319.655523    353.9855888 
111       0.03699502783   0.1103786295    319.6627512    353.9999776 
112       0.03699502926   0.1103786308    319.6627622    353.9999996 
113        0.0377180278   0.1096183485    318.6416609    355.9634171 
114       0.03773149878   0.1096041829    318.6224804    355.9985225 
115       0.03773206619   0.1096035862    318.6216723    355.9999998 
116       0.03760344404   0.1094794753    317.6050609    353.9834185 
117       0.03760450164   0.1094804958    317.6134139    353.9999738 
118       0.03760450332   0.1094804974    317.6134271            354 
119       0.03835932133    0.108698265    316.5860854    355.9639525 
120       0.03837317552   0.1086839077    316.5670625    355.9984536 
121       0.03837379703   0.1086832636    316.5662089    355.9999999 
122       0.03824499523   0.1085571234    315.5444309    353.9819732 
123        0.0382461458   0.1085582502    315.5535516    353.9999712 
124       0.03824614764    0.108558252    315.5535661            354 
125       0.03903526066    0.107752789    314.5202335    355.9623006 
126       0.03905042076   0.1077373149    314.5001907    355.9982755 
127       0.03905114818   0.1077365724    314.4992287    355.9999999 
128       0.03892216783   0.1076082722    313.4718017    353.9795875 
129       0.03892347093   0.1076095684     313.482174    353.9999667 
130       0.03892347306   0.1076095705    313.4821909    353.9999999 
131       0.03975107293   0.1067782363    312.4422383    355.9624793 
132       0.03976689561   0.1067623423    312.4221465    355.9981633 
133       0.03976771084   0.1067615234    312.4211111            356 
134       0.03963862589   0.1066310246    311.3882234     353.977483 
135       0.03964006301   0.1066324775    311.3997141    353.9999633 
136       0.03964006536   0.1066324798    311.3997326    353.9999995 
137       0.04050977443   0.1057733153     310.353234    355.9606081 
138       0.04052724808   0.1057560536    310.3319653    355.9979268 
139       0.04052821994   0.1057550935     310.330782    355.9999998 
140       0.04039911157   0.1056221969    309.2919065     353.974591 
141       0.04040073125   0.1056238641    309.3049292    353.9999578 
142       0.04040073395   0.1056238669     309.304951    354.0000002 
143       0.04131828261   0.1047333327    308.2510897     355.960649 
144       0.04133669784   0.1047154597    308.2296684    355.9977629 
145       0.04133780924   0.1047143811    308.2283756    356.0000005 
146       0.04120855319   0.1045791654    307.1835793    353.9709256 
147       0.04121040529   0.1045811029    307.1985384    353.9999512 
148        0.0412104084   0.1045811062    307.1985637    354.0000002 
149       0.04218143341   0.1036561134    306.1374714    355.9598843 
150       0.04220130829   0.1036371808    306.1154448    355.9975239 
151       0.04220261762   0.1036359335    306.1139931    355.9999997 
152       0.04207367697   0.1034980548    305.0633304     353.968589 
153       0.04207567074   0.1035001868    305.0795636    353.9999466 
154       0.04207567413   0.1035001904     305.079591    353.9999998 
155       0.04310700532   0.1025368177     304.010496    355.9568901 
156       0.04312972478   0.1025155955    303.9865709    355.9970882 
157       0.04313137324   0.1025140556     303.984834    355.9999995 
158       0.04300255434   0.1023733261    302.9269239    353.9629143 
159       0.04300489953   0.1023758881    302.9461676    353.9999358 
160        0.0430049036   0.1023758926    302.9462013    354.0000004 
161        0.0441075679   0.1013674279    301.8677347    355.9588921 
162       0.04413070694   0.1013462657    301.8446977    355.9969423 
163       0.04413256974   0.1013445621    301.8428426    356.0000004 
164       0.04400379716   0.1012012217    300.7786464    353.9578481 
165       0.04400645514   0.1012041804    300.8005942    353.9999264 
166       0.04400645979   0.1012041856    300.8006327    354.0000002 
167       0.04517529314    0.100158829    299.7267879    355.9338871 
168       0.04521525015   0.1001230934    299.6893293    355.9945403 
169       0.04521885861   0.1001198661    299.6859437    355.9999996 
170         0.045090639  0.09997331767    298.6144418    353.9520896 
171       0.04509363867  0.09997674613    298.6394882    353.9999151 
172       0.04509364399  0.09997675222    298.6395326            354 
173       0.04637304785  0.09885960049    297.5412232    355.9534644 
174       0.04640352473   0.0988329889    297.5144444    355.9956657 
175       0.04640666318  0.09883024849    297.5116851    356.0000001 
176       0.04627865374  0.09868044377    296.4316689    353.9425584 
177       0.04628222763  0.09868462616    296.4617959    353.9998972 
178       0.04628223404  0.09868463366    296.4618499            354 
179       0.04767861839  0.09749667958    295.3508092    355.9534397 
180       0.04771189964  0.09746836634    295.3235994    355.9950535 
181       0.04771586799  0.09746499035    295.3203527            356 
182       0.04758844711  0.09731168797     294.231968    353.9333009 
183        0.0475925594  0.09731663553     294.267063    353.9998792 
184       0.04759256686  0.09731664451    294.2671267            354 
185        0.0491304359  0.09604456274    293.1417042    355.9475976 
186       0.04917181172  0.09601033824    293.1104312    355.9935184 
187       0.04917767659  0.09600548704    293.1059941    356.0000002 
188       0.04905068139  0.09584813951    292.0063083    353.9177145 
189       0.04905569985   0.0958543574    292.0497259    353.9998495 
190       0.04905570904  0.09585436879    292.0498055            354 
191       0.05077778548  0.09447354627    290.9046605    355.9459645 
192       0.05082560059  0.09443520692    290.8715897    355.9920284 
193       0.05083392087  0.09442853551     290.865828    356.0000004 
194       0.05070749871  0.09426673882    289.7534749    353.8987554 
195       0.05071359013  0.09427453469    289.8070232    353.9998131 
196       0.05071360139  0.09427454911    289.8071222            354 
197       0.05267665921  0.09275383487    288.6369381    355.9359496 
198       0.05274160058  0.09270352776    288.5962661    355.9882874 
199       0.05275626251  0.09269216983    288.5870662    356.0000011 
200       0.05262988612  0.09252488021    287.4557478    353.8664381 
201       0.05263779733  0.09253535261     287.526504    353.9997517 
202       0.05263781207  0.09253537211    287.5266358            354 
203       0.05495000699  0.09081353105    286.3169908    355.9252168 
204         0.055039811  0.09074665715    286.2668471    355.9820395 
205       0.05506864632  0.09072518449     286.250696    356.0000036 
206       0.05494075645  0.09055132931    285.0910557    353.8133182 
207       0.05495167468  0.09056617168     285.189965     353.999651 
208       0.05495169512  0.09056619948    285.1901502            354 
209       0.05781467195   0.0885309702    283.9137499    355.8921382 
210       0.05797784774  0.08841497442    283.8339042    355.9619867 
211        0.0580709426  0.08834879664    283.7880074    356.0000295 
212       0.05793235834  0.08816652494    282.5662402    353.6865435 
213       0.05795113526  0.08819122111    282.7316246    353.9994127 
214        0.0579511705  0.08819126746     282.731935            354 
215         0.061950529  0.08551257184    281.2903218    355.7909009 
216       0.06241733058  0.08519992503    281.0929188    355.8553486 
217       0.06346505727  0.08449819559    280.6276443    355.8929849 
218       0.06331999984  0.08424411565    279.0636825      352.94736 
219       0.06337183714  0.08433491293    279.6220766    353.9981404 
220       0.06337192879  0.08433507346    279.6230643            354 
221       0.07056674516  0.07989630554    277.3942135    353.7882159 
222       0.06984726335  0.08034018243    277.6795419    354.0828591 
223       0.06516584593  0.08322833474    279.1971936    354.5294599 
224       0.06971843966  0.08009929579    276.2197121    351.3135786 
225       0.06984340884  0.08033297491    277.6358078    353.9997941 
226        0.0698434184  0.08033299277    277.6359162            354 
227       0.08086242368  0.07423112778    275.1293457    349.9522202 
228       0.07976052193  0.07484131264     275.517462    350.8816532 
229       0.07321065826  0.07846833987     277.193998     354.040644 
230       0.07318990798  0.07842821928    276.9517167     353.578453 
231       0.07320883353  0.07846481176    277.1726882    353.9999844 
232       0.07320883423  0.07846481311    277.1726964    353.9999999 
233       0.07850875898  0.07567522216    276.6027002    353.1143792 
234       0.07797876631  0.07595418119    276.6905003    353.3211326 
235       0.07493450875  0.07755651112    277.0622482    354.0040855 
236       0.07652419615  0.07673446445    276.9669624     353.891059 
237       0.07636522737  0.07681666913    276.9792305    353.9129661 
238       0.07526466827  0.07738578162    277.0474674    354.0000962 
239       0.07864800512   0.0756579948    276.8502278    353.5796376 
240       0.07830967136  0.07583077352    276.8822598    353.6683977 
241       0.07591059176   0.0770559244    277.0309357    354.0008689 
242       0.07750653161   0.0762464189    276.9739193    353.8890181 
243       0.07734693758  0.07632736947    276.9823474      353.91062 
244       0.07607828375  0.07697086632    277.0277934    354.0000615 
